Calculating primes. Do not be dismayed: speedup coming, first 2% about equal to last 98%.

Calculating primes per century....
took 2.425302 sec

Displaying....
15-prime centuries below 4,000,000,000:
[       8       12       16       22       23       26       33       40
       49       63       75       94      375      424     1131     1572
     3442     3922     7393     9780    13939    16528    17492    29673
    71338    75877   237421   464977   514483   687352   747574   981953
  1040840  1269778  1298137  1346413  1790287  1884223  2330647  2527249
  2601874  2813749  3145701  3252679  3491860  4191226  4291798  4497190
  5162578  5931319  6323749  6936645  6970379  7387402  8560196  9016406
  9255944  9520169 10292344 12759505 14717620 15112118 17187179 26486899
 27261180 28132294 30278116 31901536 33475243 35190916 35993449 39759303
 39838942]

16-prime centuries below 4,000,000,000:
[       2        3        6       10       42       58      194      230
    12463  8392963 24662691 37400476]

17-prime centuries below 4,000,000,000:
[    4    14  7837 27049]

21-prime centuries below 4,000,000,000:
[1]

25-prime centuries below 4,000,000,000:
[0]

Histogram....
[[      0  154395]
 [      1 1015520]
 [      2 3147904]
 [      3 6071189]
 [      4 8197485]
 [      5 8211775]
 [      6 6341873]
 [      7 3870591]
 [      8 1898982]
 [      9  758515]
 [     10  247342]
 [     11   66277]
 [     12   14861]
 [     13    2764]
 [     14     436]
 [     15      73]
 [     16      12]
 [     17       4]
 [     18       0]
 [     19       0]
 [     20       0]
 [     21       1]
 [     22       0]
 [     23       0]
 [     24       0]
 [     25       1]]
